123
138
133
120
127
146
153
136
126
123
146
134
130
140
129
136
135
137
146
129
146
148
159
141
122
168
140
131
135
140
142
135
137
148
134
136
137
120
140
122
128
135
125
135
139
142
129
151
148
141
153
130
126
133
130
131
141
167
150
147
121
122
156
133
139
142
147
132
136
128
144
154
119
123
148
124
152
143
134
148
150
145
160
151
127
140
136
147
139
120
148
143
150
146
139
138
133
137
150
139
126
145
123
137
164
149
140
157
130
124
147
148
145
129
157
131
139
99
128
155
135
125
129
147
134
119
132
146
130
146
148
135
129
148
141
137
117
121
115
125
141
157
134
132
150
129
130
127
131
145
131
151
129
125
140
122
127
142
136
153
134
153
131
157
135
135
151
125
136
137
135
137
136
137
127
161
140
138
130
139
130
125
142
143
135
132
127
156
137
138
135
136
140
141
143
126
139
129
134
152
143
141
157
132
149
134
148
138
128
161
131
130
127
163
131
155
124
156
115
143
133
138
119
134
127
140
135
122
145
124
141
139
129
141
145
141
139
133
130
149
132
133
135
129
132
139
134
134
140
136
142
147
141
109
145
134
128
152
138
129
139
142
143
132
106
137
153
135
128
149
148
124
142
123
135
145
136
147
156
134
124
137
147
136
136
143
131
137
117
133
125
136
142
149
149
105
141
134
135
125
141
135
133
146
115
146
137
137
136
142
131
132
153
147
122
147
145
125
143
140
128
130
146
141
126
147
131
140
128
159
158
147
123
161
142
149
141
127
154
142
128
145
138
131
122
138
135
138
142
170
145
137
134
143
135
127
128
140
158
136
132
159
142
109
125
132
127
147
136
136
118
142
120
119
137
161
133
144
127
144
122
128
156
139
144
128
151
145
127
138
148
142
147
132
144
136
134
131
136
141
153
120
127
135
139
136
144
134
141
135
128
133
136
139
122
146
133
165
125
138
131
123
141
118
136
159
142
135
134
126
143
146
128
150
137
129
142
141
119
134
133
132
117
147
137
130
114
129
127
150
150
144
145
121
137
130
138
133
159
123
139
140
135
123
146
139
133
149
138
153
135
118
143
143
126
151
133
153
148
141
144
149
154
146
128
155
137
147
157
143
126
131
116
141
151
116
145
151
132
153
118
132
144
136
135
149
144
164
158
122
148
141
137
138
135
146
132
151
137
135
131
143
107
145
134
138
157
120
159
121
128
143
127
135
129
124
150
139
132
122
136
149
117
154
133
139
134
122
128
130
125
148
144
127
145
120
130
131
135
138
133
115
138
146
133
142
131
138
149
125
136
138
113
125
138
153
127
125
118
136
127
152
165
124
134
148
144
150
147
120
149
146
136
133
130
151
141
129
137
138
137
162
112
150
108
114
123
141
142
123
148
123
136
114
124
139
144
137
146
116
133
166
124
139
126
130
143
144
136
153
124
157
160
135
137
161
145
108
147
124
131
132
144
129
131
125
131
132
147
141
128
115
146
153
138
144
132
142
110
150
129
148
138
128
153
129
144
156
122
151
131
136
147
129
129
158
158
134
123
125
134
121
125
121
168
124
140
140
104
131
134
131
133
145
151
138
132
127
144
144
143
154
129
142
135
121
143
152
126
133
134
145
126
131
145
121
136
134
152
129
140
143
129
151
129
143
149
129
129
118
140
123
123
142
130
122
115
108
115
128
123
136
116
125
114
128
127
140
123
110
97
141
124
133
142
120
120
133
111
120
117
137
129
130
125
126
120
126
105
113
115
121
115
127
140
120
135
121
128
116
121
122
112
111
112
103
134
130
108
129
128
129
105
110
131
124
112
136
125
120
115
116
110
108
116
133
126
124
112
142
129
114
121
111
130
114
120
126
127
119
132
114
120
130
113
109
107
126
137
119
113
113
136
130
115
119
105
145
117
117
114
127
125
112
117
121
110
112
108
118
107
105
152
120
151
105
129
126
107
119
122
145
124
118
123
118
121
113
107
112
140
130
111
113
121
117
130
110
117
121
117
129
114
129
143
137
127
109
126
112
130
113
116
116
112
123
131
131
133
127
146
116
123
125
120
123
147
112
99
110
150
130
104
116
99
127
126
128
123
119
134
116
108
120
137
137
131
135
118
126
121
144
112
121
114
149
116
136
138
111
114
120
112
121
123
116
146
130
108
120
127
120
120
143
134
136
127
125
137
128
120
131
122
106
130
109
139
126
136
122
138
124
123
127
117
114
134
101
136
121
125
138
133
133
122
119
137
116
140
119
100
119
118
110
114
98
138
110
118
130
